                           EDU  AMC  WISH      BABA  TAL       PFE         F  AMD      AAPL      UBER  PDD  ...      CLOV  PLTR        JD       BAC       CCL  AAL      NVDA         T      ALIT       BBD    return
time                                                                                                        ...                                                                                                    

2021-07-09 09:45:00-04:00  0.0  0.0   0.0  0.003846  0.0  0.001879 -0.001376  0.0  0.000000  0.006528  0.0  ... -0.006164   0.0  0.002644 -0.003769  0.000000  0.0  0.002280 -0.000529 -0.001669 -0.001059  0.000361
2021-07-09 10:00:00-04:00  0.0  0.0   0.0  0.004076  0.0  0.000125 -0.003788  0.0  0.000000  0.002677  0.0  ...  0.000000   0.0  0.006108  0.004792  0.002696  0.0 -0.005963  0.002118  0.000000  0.000000  0.000756
2021-07-09 10:15:00-04:00  0.0  0.0   0.0  0.001688  0.0 -0.001375 -0.001728  0.0  0.000000 -0.001848  0.0  ...  0.001070   0.0  0.001794  0.001632 -0.001448  0.0  0.002219  0.001761  0.004457 -0.001060  0.000385
2021-07-09 10:30:00-04:00  0.0  0.0   0.0 -0.002149  0.0 -0.001252 -0.004501  0.0  0.000000  0.004114  0.0  ...  0.005342   0.0  0.000275 -0.000125 -0.003107  0.0 -0.000366 -0.000527  0.004437 -0.001062 -0.000028
2021-07-09 10:45:00-04:00  0.0  0.0   0.0  0.000954  0.0 -0.003134 -0.001296  0.0  0.000000 -0.002049  0.0  ... -0.000531   0.0  0.002478 -0.004135 -0.002701  0.0  0.001590 -0.001055 -0.001104 -0.002125 -0.000614
...                        ...  ...   ...       ...  ...       ...       ...  ...       ...       ...  ...  ...       ...   ...       ...       ...       ...  ...       ...       ...       ...       ...       ...
2021-08-24 15:00:00-04:00  0.0  0.0   0.0  0.000000  0.0  0.000103 -0.000762  0.0 -0.000134  0.000000  0.0  ...  0.000000   0.0  0.000000  0.000120  0.000000  0.0  0.000000  0.000182  0.008780  0.000000  0.000300
2021-08-24 15:15:00-04:00  0.0  0.0   0.0  0.000000  0.0  0.000310 -0.001524  0.0  0.000234  0.000000  0.0  ...  0.000000   0.0  0.000000  0.002169  0.000000  0.0  0.000000  0.000000 -0.006770  0.000000 -0.000307
2021-08-24 15:30:00-04:00  0.0  0.0   0.0  0.000000  0.0  0.000414 -0.001908  0.0 -0.000768  0.000000  0.0  ...  0.000000   0.0  0.000000 -0.000842  0.000000  0.0  0.000000 -0.001090  0.009737  0.000000  0.000127
2021-08-24 15:45:00-04:00  0.0  0.0   0.0  0.000000  0.0  0.000000  0.000000  0.0  0.000000  0.000000  0.0  ...  0.000000   0.0  0.000000  0.000000  0.000000  0.0  0.000000  0.000000  0.000000  0.000000  0.000000
2021-08-24 16:00:00-04:00  0.0  0.0   0.0  0.000000  0.0  0.000000  0.000000  0.0  0.000000  0.000000  0.0  ...  0.000000   0.0  0.000000  0.000000  0.000000  0.0  0.000000  0.000000  0.000000  0.000000  0.000000